72342 486
32345 488
74345 490
52345 492
76346 494
72375 496
78385 498
92985 500
7TT45 502
72J4J 504
72Q4Q 506
7K3K5 508
72A4A 510
72322 514
32335 516
44345 518
55345 520
76646 522
72775 524
78885 526
92989 528
7TT4T 530
72JJJ 532
7QQ4Q 534
KK3K5 536
A2A4A 538
72372 542
32235 544
43345 546
54345 548
76746 550
72275 552
78585 554
92889 556
7T44T 558
72J2J 560
77Q4Q 562
KK335 564
A244A 566
72722 570
35335 572
44545 574
55445 576
76676 578
79779 580
78887 582
96969 584
4TT4T 586
77JJJ 588
7QQ7Q 590
KK3K3 592
A2A2A 594
72222 598
33335 600
44445 602
55545 604
76666 606
72777 608
78888 610
92999 612
TTT4T 614
7JJJJ 616
QQQ4Q 618
KKKK5 620
AAA4A 622
22222 626
33333 628
44444 630
55555 632
66666 634
77777 636
88888 638
99999 640
TTTTT 642
JJJJJ 644
QQQQQ 646
KKKKK 648
AAAAA 649
